{
  "advancedEditorSelectedIdentifier" : "ProjectBrowser",
  "openSceneRelativePaths" : [
    "Scene.usda"
  ],
  "recentIdentifiers" : {

  },
  "sceneCameraHistory" : {
    "26DBAE76-5DD8-47B6-A085-1B4ADA111097" : [
      {
        "date" : 750787242.354764,
        "title" : "Untitled",
        "transform" : [
          0.99892795,
          1.7970336e-09,
          0.046292186,
          0,
          0.040447466,
          0.48638853,
          -0.872806,
          0,
          -0.02251593,
          0.87374264,
          0.485867,
          0,
          -0.21870232,
          0.17088391,
          0.15075117,
          1
        ]
      },
      {
        "date" : 750787237.760179,
        "title" : "Untitled",
        "transform" : [
          0.115874924,
          2.3117166e-09,
          0.99326384,
          0,
          0.28405932,
          0.95823395,
          -0.03313857,
          0,
          -0.95177895,
          0.28598577,
          0.111035325,
          0,
          -0.28746665,
          0.09204913,
          0.10880496,
          1
        ]
      },
      {
        "date" : 750787185.572067,
        "title" : "Untitled",
        "transform" : [
          0.115874924,
          2.3117166e-09,
          0.99326384,
          0,
          0.28405932,
          0.95823395,
          -0.03313857,
          0,
          -0.95177895,
          0.28598577,
          0.111035325,
          0,
          -0.42242345,
          0.13260028,
          0.12454914,
          1
        ]
      },
      {
        "date" : 750787180.676374,
        "title" : "Untitled",
        "transform" : [
          0.115874924,
          2.3117166e-09,
          0.99326384,
          0,
          0.28405932,
          0.95823395,
          -0.03313857,
          0,
          -0.95177895,
          0.28598577,
          0.111035325,
          0,
          -0.36099434,
          0.122318625,
          0.08272644,
          1
        ]
      },
      {
        "date" : 750787179.226029,
        "title" : "Untitled",
        "transform" : [
          0.115874924,
          2.3117166e-09,
          0.99326384,
          0,
          0.28405932,
          0.95823395,
          -0.03313857,
          0,
          -0.95177895,
          0.28598577,
          0.111035325,
          0,
          -0.3530848,
          0.1494915,
          0.080538556,
          1
        ]
      },
      {
        "date" : 750787176.577133,
        "title" : "Untitled",
        "transform" : [
          0.8488259,
          1.8777229e-09,
          0.5286726,
          0,
          0.21330164,
          0.9149945,
          -0.34247276,
          0,
          -0.48373237,
          0.40346646,
          0.77667093,
          0,
          -0.3383656,
          0.16824003,
          0.22478242,
          1
        ]
      },
      {
        "date" : 750787170.626732,
        "title" : "Untitled",
        "transform" : [
          0.8488259,
          1.8777229e-09,
          0.5286726,
          0,
          0.21330164,
          0.9149945,
          -0.34247276,
          0,
          -0.48373237,
          0.40346646,
          0.77667093,
          0,
          -0.31405836,
          0.1433701,
          0.25284111,
          1
        ]
      },
      {
        "date" : 750787151.103969,
        "title" : "Untitled",
        "transform" : [
          0.35319567,
          1.7118952e-11,
          0.9355495,
          0,
          0.0006280946,
          0.9999998,
          -0.00023712301,
          0,
          -0.93554926,
          0.00067136437,
          0.35319558,
          0,
          -0.3903717,
          0.096813396,
          0.17726474,
          1
        ]
      },
      {
        "date" : 750787148.659212,
        "title" : "Untitled",
        "transform" : [
          0.22897401,
          -6.5630514e-09,
          0.97343254,
          0,
          0.08813515,
          0.9958927,
          -0.020731434,
          0,
          -0.9694344,
          0.09054059,
          0.22803354,
          0,
          -0.39087012,
          0.11665391,
          0.14758778,
          1
        ]
      },
      {
        "date" : 750787141.054748,
        "title" : "Untitled",
        "transform" : [
          0.99873686,
          -1.2730933e-08,
          0.05024681,
          0,
          0.024110934,
          0.8773506,
          -0.4792437,
          0,
          -0.044084065,
          0.47984985,
          0.8762424,
          0,
          -0.18050452,
          0.19294441,
          0.2392094,
          1
        ]
      }
    ]
  }
}